frame 8.5 8.5
thickness 2

color 0 255 0 # Трава.
path 22
1.0 0.0
0.5 0.5
1.25 0.5
0.75 1.0
1.25 0.75
1.25 1.25
1.5 0.75
1.5 1.75
1.75 0.75
2.0 0.25
2.5 0.0
3.0 0.25
3.25 0.75
3.5 1.75
3.5 0.75
3.75 1.25
3.75 0.75
4.25 1.0
3.75 0.5
4.5 0.5
4.0 0.0
1.0 0.0


color 255 0 0 # Внешний контур гриба.
path 18
1.75 0.75
2.0 2.0
1.5 2.0
0.75 2.25
0.25 2.75
0.25 3.5
0.75 4.0
2.0 6.75
2.25 7.0
2.75 7.0
3.0 6.75
4.25 4.0
4.75 3.5
4.75 2.75
4.25 2.25
3.5 2.0
3.0 2.0
3.25 0.75


color 128 128 128 # Внутреннее кольцо гриба.
path 12
1.917 2.25
1.5 2.25
1.0 2.5
0.5 3.0
1.0 3.5
1.75 3.75
3.25 3.75
4.0 3.5
4.5 3.0
4.0 2.5
3.25 2.25
3.083 2.25


color 255 255 255 # Верхняя часть ножки гриба.
path 6
2.0 2.0
1.75 2.75
2.25 3.0
2.75 3.0
3.25 2.75
3.0 2.0


color 0 0 255 # Лучи, выходящие от верхней части ножки гриба.
path 2
1.75 2.75
0.75 3.25

path 2
2.0 2.875
1.5 3.667

path 2
2.25 3.0
2.0 3.75

path 2
2.5 3.0
2.5 3.75

path 2
2.75 3.0
3.0 3.75

path 2
3.0 2.875
3.5 3.667

path 2
3.25 2.75
4.25 3.25


color 255 0 0 # Пятна около контура.
path 3
0.25 3.0
0.5 3.25
0.25 3.5

path 5
0.5 3.75
1.0 3.75
1.25 4.0
1.25 4.25
1.0 4.5

path 7
1.75 6.25
2.0 6.0
2.25 6.0
2.5 6.25
2.5 6.5
2.25 6.75
2.0 6.75

path 4
4.25 4.0
4.0 3.75
4.25 3.5
4.75 3.5

path 6
1.75 3.75
1.5 4.0
1.75 4.25
2.0 4.25
2.25 4.0
2.0 3.75


path 9 # Пятна в середине.
1.5 4.75
1.75 4.5
2.0 4.5
2.25 4.75
2.25 5.0
2.0 5.25
1.75 5.25
1.5 5.0
1.5 4.75

path 9
2.5 5.5
2.75 5.25
3.0 5.25
3.25 5.5
3.25 5.75
3.0 6.0
2.75 6.0
2.5 5.75
2.5 5.5

path 9
2.75 4.75
3.0 5.0
3.5 5.0
3.75 4.75
3.75 4.25
3.5 4.0
3.0 4.0
2.75 4.25
2.75 4.75